40 1111111111 111 1111111111.

0. Papirius carbo (11, 391 12, 413 25, 9111 1111111111 111
isi. 1111111111, 11111 111 1111111111111 1111111111111111111111 (111.
lex Gabinia 111 lex Cassia) 111111, 11111 11111111111111 11111
(1111111 111111 61111111111111 1111111111 1111111 111111, 111111 111111
11111. {Im 1111111 1. 1111111111 Q. XIV.

Papus: 1. Q. Aemilius Papus.

Paulus: 1. L. Aemilius Paulus Macedonicus.

Philus: 1. L. Fumus Philus.

u. Pompeius (21, 771; 1111111 141, 1. 1111111111 Q. XIV.

11. Pompeius Rufus (1, 211 11111111 88, 1. 1111111111 Q. XV 1.

Τ. Pomponius Atticus (1, 211 11111111111111,11111 111 „Istum”
1111111111 111. Q. (1111111111 Q. XI 1.

P. Popilius Laenas (11, 371 1111111 132, 1. 1111111111 Q XIV.

111111111101110111111111(1,41 53 2, 61 91 101 3,11; 21,
76 ; 14, 901 27,1011; 1111111 195, 111111 184,111111111111111
11111111111111 6111111111 1111 1111111111 111 6111111111,
1111111111 111111 1111111111 111111111111111, 111111111111 1111111 111
11111 1111 111111111 1111111111 111111, 111 [1111111234 111 149. —-
111 11111111111111 1111111 111116111111111161111 111 111111 (1111
(111111111111,111 1111111111111111111111,11111’1111111111,11111
1111111111 1111 111111111111111,11111111111111111111111111911111
1111 11111111111111111111111-1111111111111111 11111111 1111111 (11111111
Cat 1ο Maior de 1111111111,111111111111111111111111111111111111 1111111
Quo 111 18111111111111 1111111111111111111111 11111 11111111 1111111
1111 1111111111 mut

(1 Porems 0111 (11, 3911 1111111111 11111111111111114.

111111114117111111111111.

Pyrrhus (8, 28111111111111111111111111 1111111111
111111 1111111, 111111111111111 1111 1111111 11111111 1111111111 111
111111280111111111111 111279111111111111111111111, 111111

1111275 11111111111111111111111111111111111111111111111

1111111111 1111111111 111111
11.1111)111111(20,731;1111111111111111111111111111111111111,111
1111111111 11111111 611111111111111111111111111111111.

P. Rupiliusl (11, 371 10, 691 20, 731 27,1011; 1111111 111
1111111, 11111111116111111111111111111111111111111111132111111
1111111111 111 11111111 11111 1111111111. Q. 1111111111 Q. XIV.

P. Rutilius Rufus (27,1011; 111111 105, 111 1111111111 11111111
11111111 1111111, 111111111111111111 111111 11111111 1111 111111111111111
[11111111.

Scaevola: 1111111111 Scaevola.

 

