111111111111111111111111. · 41

Scipio: i. Cornelius Scipio.

ui. Sempronius Gracchus (2110111 1111111177 111 163, 11111
111 111111 3111111111 in 11111 11111111 111 1111111 im 11111111
11111 11111111. St 1111 11111111 111 11111111, 1111111111 111
1111111611111111111, 111 1111111111 11111111· 111 (11111111, irinc
1111111 1111 1111111 11111111 &cipio 11111111.

ui. Sempronius (11111111(11,37; 39; 12, 4111 &cin 111 cc<
11111, 1111111111 133, 1111111111 111 1111111111 111111111111111
11111111, 1111 11 1111 1111 11111 1111 1111111111111111111111111
111111 11111111111111111 111. 11111111. 11 1111111111 1111
immet 1111111 11111111111111111111111111 &cnuti 111 11111111
111 111111 1111111111111111 1111 1111111111111111111111 1111111.
6111111111, 11111 111 &cicc 111111111111111 gum 1111111111
1111111111, 1111111 1111 111 111. Θ. P. Cornelius Scipio Na-
sica serapio.

c. Sempronius Gracchus (11, 391 12, 4111 111 1111 1111111111
11111111111111111111, 1111111 311 111 im 11111111111111111
11111111111111111111111 einer 111 11111111111111111111 11111111
11111111 1111 111 icccc· 11111111111111 111 111111 111111 11111111
111111 1111111. ’

181111111181111 (2, 9; 2110111 1111111166,111111111111111.

P. Sulpicius Rufus (1, 2); 1111111111188, i. 1111111111 Θ. XV 1.

L. Tarquinius Superbus (8, 28 ; 15, 53 ii: 111 11111 11111111
111111, 111 111111111111111111111111111 510 1111111111 111111.

P. Terentius 11111(24, 89; 25, 9311 11111111 11111111111111
111 11111111, 111 111 1111111111 1111111 111 &ilaue 1111 Simu
11111111 111111, 111 111111 11 im 1111111111 11111111 111 111
1111111111111111 1111111111. 1111111 159 111 111111 111 26
111111. - 1111111111 11111111 1111 1111111111 11111111 1111

111 11111111, 11111111,,1>111111111111111111111“ 1111 ,1111 111 -

1111“, rigi. 1111111111 Θ. XV.
Thgis (26, 9811 11111111 1111111111 (1.1.)11 ,11111111Η 111
11111.
Themistocles (12, 4211 Θεμιστοκλῆς, 1111111111111111 1111»
11111611111111 111 &rget 111 11111111. 111 11111471 1111111
, 11 111 111 111111111111111111111 111111 1116111111111111111
111111 11111111 111 1111 11111111 1111111111 111111111111111
1111111111. 1111111111111 111111 111 1111111111 1111111111 jo
11111 1111, 1111111111 111111 111 11111 1111111111, 111 11111 11111
111 1111 1111111111 11111111 1111111111, 111 1111111111111111

1111111111111 1111111111, 111 11111111 1111111111 11111111.

 

