2113112121 211 2211111111.

i. Acilius (2, 6); 1121221122 22122111 212 31122211221121212.

Andria (24, 892 ,212 2212211111 111 2212112, 12162212 212 Zea
111212 (ἱ. 2,).

Q. Aelius Tubero (11, 37; 27,101); 221111211221212 (2191111
ῧ1ἱ1112ῐῖ1111112,2211ἱ12 118. 211111 211 (112(12112222121221
1111211, 21111211221112121111111131 (12111 3111, 22112ῒί12 112
2212211112, iiim 1112112211 21212111 1112111111.

Q. Aemilius Papus (11, 39): 211112 212 (ἕ. 1212121212 21211112
112 112221211311211122211212, 282 112 27 2, 12112 (211211 275.

L. Aemilius Paulus Macedonicus (2, 9, 27,101); 521111 212
12191111Θ1ἰ11212221ἱ11112,211ἱ12 182112 162. 81 (111111
31111111 21121711 2121911 11 2112211211 211 222111 22112112 211 22111
31211211 112 112112 im 12122711 21211211 21211112. 22112111
211 21121211 212222112112 12111 (1211162211 112 3112112221,
21112111 uad] ietieiben 111 1111211.

Africanus: Ῐ. Cornelius,

Agrigentinus quidam (7, 24); (2111121212 112 22111111, 111 450
1221, 22112211 11112 121221222111 &cimici περὶ φύσεως in
ᾥ1111111111,1111“1 11212111, hui hie 2221212111 211 21111111, in 211
fidi 2111112112112112212 21121121, 11( 211 22121 (φιλότης), 211
21111111 2112122111122111212 (νεῖκος) 211121.

Archytas (23, 88); Ἀρχύτας, 23112111111112211111 1121111211
ijiiiite 212 42121211211121. 221, 21122111 122 2522212112, 2221121
1111221 112 2211211211, 1112 122 21222111.

Atticus: i. Τ. Pomponius Atticus.

Bias (16, 59): Βίας 112 2211111 11211211, einer 211 (1111111111
(11211 221211, 111 3111212 2221292 21211212 111 2112111112 (11112
&vinci 221222.

ὓ. Blossius (11, 37); 211112 212 2121111111112111211. &r
1111 112 21112, 11111221111211221211211 611111121121111 121
121212111121212112111211 11112 12121211 2122219112. 1111121112
ist 212 2211222112 211 (2122111222αῇ (hospitium) begninbet, iu
11122111 11 gu 211 22111111 steht. 22112 2111 2121212 (21111212
111121 11· 1122211121 2122211111 21122112121212312112 132

(11111111112119 9131911, 1121212111 2212(11111212,211212111

 

